%YAML:1.0
cameraMatrix: !!opencv-matrix
   rows: 3
   cols: 3
   dt: d
   data: [ 1.0535568059374680e+03, 0., 9.4306974243060949e+02, 0.,
       1.0526542721034650e+03, 5.4587824518257071e+02, 0., 0., 1. ]
distortionCoefficients: !!opencv-matrix
   rows: 1
   cols: 5
   dt: d
   data: [ 5.1657610811889368e-02, -7.0907672775838829e-02,
       -2.2002738463920341e-04, 3.8726782287251286e-04,
       2.2994004889447535e-02 ]
rotation: !!opencv-matrix
   rows: 3
   cols: 3
   dt: d
   data: [ 1., 0., 0., 0., 1., 0., 0., 0., 1. ]
projection: !!opencv-matrix
   rows: 4
   cols: 4
   dt: d
   data: [ 1.0535568059374680e+03, 0., 9.4306974243060949e+02, 0., 0.,
       1.0526542721034650e+03, 5.4587824518257071e+02, 0., 0., 0., 1.,
       0., 0., 0., 0., 1. ]
