%YAML:1.0
rotation: !!opencv-matrix
   rows: 3
   cols: 3
   dt: d
   data: [ 9.9968071054268404e-01, -7.1656091333156136e-03,
       -2.4230786504424465e-02, 7.2460424150864768e-03,
       9.9996851984215152e-01, 3.2332946069565036e-03,
       2.4206855190074206e-02, -3.4078395568380481e-03,
       9.9970116274382803e-01 ]
translation: !!opencv-matrix
   rows: 3
   cols: 1
   dt: d
   data: [ -3.0716030453524994e-02, 5.2633316873132517e-04,
       -2.0909050868174852e-03 ]
essential: !!opencv-matrix
   rows: 3
   cols: 3
   dt: d
   data: [ 2.7891657742211649e-05, 2.0890456058028275e-03,
       5.3293639291221407e-04, -1.3466989816646271e-03,
       -8.9692695021569154e-05, 3.0757515634023458e-02,
       -7.4873477558884361e-04, -3.0711292010276812e-02,
       -8.6560508970768131e-05 ]
fundamental: !!opencv-matrix
   rows: 3
   cols: 3
   dt: d
   data: [ 3.4908775670519721e-08, 2.6159143256379933e-06,
       -3.0779782188070169e-04, -1.6869531493974250e-06,
       -1.1240997941536684e-07, 1.4432539248545904e-02,
       -9.9343826058849132e-05, -4.2922101130262257e-02, 1. ]
