%YAML:1.0
cameraMatrix: !!opencv-matrix
   rows: 3
   cols: 3
   dt: d
   data: [ 3.6297619763758871e+02, 0., 2.5152139951900637e+02, 0.,
       3.6279629382238045e+02, 2.0686003308482805e+02, 0., 0., 1. ]
distortionCoefficients: !!opencv-matrix
   rows: 1
   cols: 5
   dt: d
   data: [ 9.8875333503767884e-02, -2.7737513393466989e-01,
       8.0817990232905426e-04, 1.2065485304076079e-04,
       9.8242285266594981e-02 ]
rotation: !!opencv-matrix
   rows: 3
   cols: 3
   dt: d
   data: [ 1., 0., 0., 0., 1., 0., 0., 0., 1. ]
projection: !!opencv-matrix
   rows: 4
   cols: 4
   dt: d
   data: [ 3.6297619763758871e+02, 0., 2.5152139951900637e+02, 0., 0.,
       3.6279629382238045e+02, 2.0686003308482805e+02, 0., 0., 0., 1.,
       0., 0., 0., 0., 1. ]
