%YAML:1.0
depthShift: -1.2312554587874150e+01
