left_untucked_position:
    joints:{
        'left_e0': -1.188068120217253,
        'left_e1': 1.9416361822659625,
        'left_s0': -0.08206797215186963,
        'left_s1': -1.0016894544891752,
        'left_w0': 0.6676651379271263,
        'left_w1': 1.0293011086711126,
        'left_w2': -0.49854375606275947
    }

left_test_position:
    joints:{
        'left_e0': -1.5,
        'left_e1': 1.9416361822659625,
        'left_s0': -0.08206797215186963,
        'left_s1': -1.0016894544891752,
        'left_w0': 0.6676651379271263,
        'left_w1': 1.0293011086711126,
        'left_w2': -0.49854375606275947
    }


head_start_position:
    {'head_nod': 0.0,
    'head_pan': -0.0502378708032473 }
